0.149787
1.458858
1.757361
0.973994
1.371032
0.252355
0.914137
2.123052
0.505165
1.062721
1.517836
0.839063
0.977937
2.113225
1.193338
1.148242
1.517352
1.205671
0.784548
1.706948
1.278755
0.904227
1.535037
0.867923
1.911489
1.741048
0.625567
0.851594
1.040938
0.668406
0.329992
1.427333
1.592410
0.359472
0.928020
1.485686
1.632517
1.231239
0.690475
1.877718
1.732079
1.130091
0.719966
1.886053
1.712256
1.366658
1.245678
2.267685
1.387042
1.859635
1.483962
0.841614
1.160413
1.101092
1.778206
1.047432
0.606229
0.808552
0.840260
1.329878
0.388503
0.928725
1.330216
1.639098
-0.151717
1.558043
1.023199
2.145947
0.844903
0.483382
1.652625
0.564534
1.089419
0.911301
0.602230
1.342331
1.229730
0.770960
1.028855
0.967508
1.108773
1.698505
1.567683
1.579160
0.480138
1.125193
0.637473
1.248777
1.369318
1.388129
0.828317
1.647748
1.247185
0.821914
1.614936
1.650678
0.563741
1.274687
-0.243818
0.853757
1.673844
0.876273
0.580308
0.670096
1.274051
1.763489
1.294721
2.026269
1.361369
0.270834
1.597015
1.452853
1.808096
1.548260
1.140180
1.033963
1.130937
1.052882
1.492710
0.447881
1.520753
0.960633
1.213128
0.824287
1.498047
1.737656
0.430916
1.012478
1.071949
1.704673
0.850511
1.445033
0.453452
1.230836
1.337988
0.682292
1.143782
1.509193
1.977826
1.232944
1.311394
1.437179
2.121992
1.416224
1.281959
1.438648
2.136817
0.124079
1.576663
1.235460
1.611771
1.685526
0.299879
1.118370
1.506361
0.993741
1.912092
0.292948
1.016810
1.085885
1.551682
1.253466
0.913039
1.305577
0.582327
1.342995
1.373715
0.634354
0.647487
1.549937
1.039867
1.536136
2.264818
2.141885
1.644885
2.077492
0.818673
1.558402
1.203889
1.304922
1.611300
1.805791
0.060245
1.650252
0.999973
2.067719
1.970297
1.018811
2.361460
0.592526
1.387932
1.036109
0.714869
1.339036
1.617640
0.848623
1.614479
0.615954
1.016914
1.116307
1.171043
0.438971
1.510179
1.456191
0.924412
0.473912
0.917019
1.060930
0.410124
1.305477
1.268452
1.224502
1.269403
0.989666
0.387000
1.426866
1.889100
1.013378
2.562325
2.838160
0.541030
2.655234
2.129863
1.656389
1.505431
1.155202
1.533371
2.351940
0.964596
0.160214
1.026400
1.169040
1.702421
1.648701
0.321388
1.039940
0.548724
0.268853
1.701056
0.222512
0.069041
0.386932
0.193675
0.580912
0.592694
-0.252410
0.877973
1.238982
0.911868
1.230025
1.863223
1.812037
1.366885
0.768706
1.517879
0.892892
0.813935
3.175306
2.595165
1.451621
0.838718
-0.398155
0.519752
0.953588
0.292048
0.593961
1.244903
0.309389
0.984149
1.273927
1.165285
-0.038884
1.251005
0.235088
0.893558
0.910198
1.236555
0.894400
0.452485
1.092201
0.210598
0.625881
1.036373
0.767553
-0.452446
0.737726
0.655161
0.916295
1.560732
1.296040
1.982482
2.582433
1.181641
0.907657
1.283307
1.652794
2.052217
1.194509
0.747395
0.859729
0.472888
0.647856
0.044298
1.909253
1.229532
2.378066
1.679700
1.450771
1.747137
2.078396
1.836505
2.364481
1.445932
1.364837
1.510199
-0.022960
0.960893
1.599568
0.921035
0.674507
1.057820
1.513003
2.174974
1.403974
1.386011
0.607600
1.459715
0.663685
2.237396
0.566697
2.392443
1.248073
0.596125
1.104789
2.488061
2.607038
2.721592
2.487489
1.878013
2.228210
2.778600
1.182620
2.091373
1.920815
1.880048
2.348660
2.107526
1.797725
1.978152
2.524453
2.313696
2.224122
1.812251
1.776068
2.369848
2.534571
0.426837
-0.415955
1.125045
0.448450
1.048843
0.864883
0.301125
1.712790
0.701302
2.060620
1.521904
0.529268
3.000203
3.085949
2.102173
1.938271
2.593405
2.026993
3.207257
2.278187
2.532339
3.121671
2.902473
3.171300
1.550927
2.922086
1.400904
1.262331
1.062529
0.444563
0.305721
1.244719
0.888582
0.414992
0.938059
0.778108
1.233101
0.922871
0.894615
-0.050906
1.133088
0.729117
1.685094
0.584669
0.890317
0.168864
1.293767
0.693047
1.124424
1.239784
1.367355
1.948958
1.459048
1.339540
0.473885
0.919969
0.302033
1.586735
1.531084
-0.050603
1.375957
1.284806
0.449897
1.257360
0.949723
0.380699
0.748240
0.976367
0.400164
0.786765
0.386639
0.593177
1.007446
0.498849
0.660824
0.418319
0.042530
0.069689
0.171030
-0.201342
-0.076519
0.568644
1.151995
1.226806
0.741955
1.241481
0.771985
1.200451
1.614867
1.607753
1.795481
1.853688
1.207652
1.030061
1.940459
0.494245
0.387319
0.659708
1.497897
1.621076
2.111507
1.503937
1.450130
1.185808
2.018814
0.886912
1.478063
1.568603
0.967882
0.896866
0.760378
1.084543
1.267519
1.047720
1.108732
1.304921
0.402745
1.956999
0.547920
1.381347
1.046697
1.445058
1.219407
0.726248
1.408755
0.538653
1.680490
1.140293
1.684389
1.870024
1.586599
2.083356
1.292909
1.511287
1.057796
1.139688
0.775681
0.520471
1.280129
0.788386
1.101591
1.603546
1.071242
0.847358
0.983684
2.507410
0.758830
3.430933
2.793185
2.434297
1.856614
1.257387
2.410425
1.785163
2.193237
2.457218
1.847963
2.621684
2.247534
1.865787
1.985128
1.060315
2.388682
0.278153
2.377040
1.939171
1.494481
1.818526
1.903908
2.207543
2.320486
1.462592
1.405882
2.153765
2.993216
1.602249
2.598269
1.808087
3.254186
2.462464
1.009161
2.994627
2.166573
2.399658
2.794591
2.114984
1.863652
1.033947
1.233419
2.542858
1.760392
1.253203
0.923380
1.108922
0.814146
1.794819
1.244283
1.087378
1.518206
1.431804
0.559829
0.609360
2.247893
1.936831
1.889218
3.001670
1.163272
0.904283
1.711189
2.245695
1.654083
1.561178
2.327660
2.863963
1.925938
1.288036
1.248808
3.094275
2.070765
2.249501
1.750972
2.082504
1.351637
2.638448
2.481740
2.315051
2.076770
2.840567
2.411525
2.656556
2.328891
2.893227
2.004961
1.811879
2.145511
0.639728
2.404962
2.059575
2.677089
0.748790
2.083889
0.829898
2.898642
1.184106
0.673129
0.351429
1.625696
0.527134
1.259027
0.742646
0.939681
1.715548
1.198478
1.099608
1.526271
1.399112
1.814341
1.255227
1.122261
1.320931
1.713444
1.349524
2.212502
1.433096
-0.243389
0.859803
0.989825
1.186128
0.558806
0.836688
1.670251
0.609795
0.915001
1.020930
0.906549
0.927581
1.545146
1.820300
1.361855
0.888403
0.654584
0.769634
1.353154
0.554688
0.348962
0.627469
-0.086282
0.545022
-0.034427
0.481737
1.051059
0.912546
0.098956
0.717649
1.095696
2.535498
1.869177
1.805127
0.601974
0.868154
0.995608
1.100172
2.986247
0.974865
1.123049
2.055726
1.748156
2.446606
1.914168
2.514513
2.097530
1.691091
1.851123
1.609862
2.104861
2.285490
2.605726
2.233237
2.135586
3.139571
1.136336
0.118419
1.619316
0.603503
0.850258
0.521271
0.908594
1.233110
0.773542
0.956282
1.203010
1.748260
1.451115
1.047427
0.392365
1.052080
1.460657
1.546460
1.523287
0.756725
1.671399
2.203085
0.863885
1.743294
0.859120
1.919775
1.887261
2.150638
2.108806
1.170114
1.210409
1.447160
2.206975
1.301739
1.497011
2.441708
0.386848
1.305813
0.672196
1.104189
0.564071
2.504031
0.925975
1.085532
2.496748
1.879843
1.795669
0.735100
1.015571
1.361089
1.329919
1.417904
0.744350
2.001301
1.589417
1.883479
1.147037
0.821162
0.755634
1.528521
1.379110
0.698376
1.664282
1.255551
1.128055
1.442345
1.878590
0.785789
0.310709
1.660686
1.592338
2.110185
2.228026
2.109992
2.365392
2.919131
1.471289
1.807149
1.639629
2.186231
1.985002
2.446608
1.573489
2.021363
1.938622
2.194880
-0.003641
2.015620
2.748138
2.334014
1.894033
1.177060
1.384674
1.725070
0.567138
1.151911
1.747827
2.696649
2.392033
2.368030
2.365808
2.152069
1.750486
1.132881
2.561363
2.060021
1.627582
1.267333
2.200888
2.530564
2.111510
2.361252
0.927974
1.392945
2.001139
2.036783
0.837773
1.757249
0.711917
2.011178
1.836090
2.132838
2.766922
2.578622
2.091411
1.349492
0.997761
2.173455
2.200161
1.035980
2.190540
1.612100
2.324405
2.451979
2.054826
1.145005
1.123095
1.969493
2.143090
1.371555
2.476100
2.387403
2.662184
3.200658
0.416332
1.558365
1.487624
2.391714
1.129301
2.048297
2.397639
2.829802
1.798293
0.313007
2.613236
0.927328
1.387178
0.242226
1.870351
1.712839
1.948036
2.326784
2.590472
2.290122
2.575336
1.989673
1.676157
0.853549
1.504974
2.445441
1.854331
2.013097
1.580947
2.674212
2.591818
1.305775
1.841458
2.013704
1.701893
2.827641
0.813416
0.896923
2.078801
2.278017
1.485888
2.958105
1.498403
1.696434
1.995260
2.120835
1.677260
2.015277
1.843204
1.360318
1.794493
1.975439
0.909053
2.352281
2.303595
1.466764
2.885037
0.967842
1.656385
2.349371
3.204315
-0.604036
2.445636
2.462971
1.072690
0.436895
0.634221
1.833447
2.353911
1.877542
1.994476
3.011501
1.105812
1.928895
2.571462
0.908637
1.150661
1.904479
2.169091
1.727082
1.925351
1.820324
1.050461
1.639103
2.303913
2.384062
1.665993
1.339816
2.263232
2.406865
1.643145
2.198233
0.830080
2.413114
1.687181
1.807096
2.252000
1.657010
1.557811
0.936302
2.311264
1.768159
2.602385
1.744161
2.697863
1.588264
2.477534
2.227448
1.297151
1.859178
2.091015
1.955329
1.654028
1.795465
1.457501
1.653729
0.826765
2.005454
2.541586
1.905820
1.572276
1.448861
2.464622
2.311265
2.304166
1.836732
0.999289
0.066163
2.266170
2.388456
2.701238
1.830062
1.860502
1.990175
2.068635
-0.165281
2.570660
2.973663
1.524951
2.218729
2.138106
0.725340
2.344711
2.866305
0.949730
1.825491
2.371812
2.712551
1.925138
2.940125
2.622062
2.517831
2.039929
1.777797
1.502110
1.963641
1.680015
1.466705
2.762393
1.510791
1.144648
1.097979
2.262128
2.048059
1.741477
1.756850
1.015965
1.599402
1.058559
1.347634
1.866923
3.052219
0.142447
1.668254
1.736490
2.252456
2.121768
2.138298
-0.117061
2.279550
