-1.906415
-2.192297
-1.559394
-0.838498
-1.334967
-1.277613
-1.308429
-5.576911
-1.800947
-1.282330
-1.583670
-2.023324
-1.365138
-1.056315
-0.737026
-5.623479
-2.311279
-1.302873
-2.585644
-2.175306
-1.427373
-1.374862
-1.896061
-0.969868
-1.873526
-0.413088
-3.242464
-1.255831
-3.692287
-2.093543
0.373283
-3.397756
-0.843098
-2.462759
-1.712841
-2.487871
-1.015211
-2.549313
-3.153448
-0.740887
-2.169755
-0.924579
-1.701684
-0.922383
-1.798764
-3.887794
0.210987
-2.145041
-1.366125
-3.808323
-2.247153
-2.062976
-3.612460
-1.874418
-2.163831
-1.740778
0.520272
0.158434
-1.927655
-1.453390
-1.359055
-1.989177
-1.396237
-2.247629
-2.219922
-3.894423
-3.235974
-0.337897
-1.641758
-3.013231
-1.623991
-0.416868
-1.773880
-0.771814
-1.761860
-2.505965
-2.621825
-3.410347
-1.635636
-3.295011
-1.978472
-2.985175
-2.121304
0.646724
-2.602079
-1.148501
-1.381182
-2.232287
-3.362426
-1.476286
-8.798571
-3.580657
-1.943039
-2.355487
0.049382
-2.775033
-1.584823
-1.825898
0.583707
-1.890975
-1.458769
-1.736164
-2.470675
-2.102760
-1.525330
-2.108660
-6.224485
0.327313
-2.569425
-0.201728
-2.027368
-2.077334
-3.424116
-3.395139
-3.720914
-1.862508
-0.841646
-0.323731
-1.792703
-0.871647
-2.042965
-3.186718
-1.602658
-1.100304
-2.924345
-2.181581
-1.323244
-1.838889
