0.971895
3.492097
-0.807772
2.337039
-0.967419
-0.054319
-0.808648
-0.296385
2.675362
0.724927
5.271596
-0.471362
0.506368
-0.601853
0.785647
0.649819
-0.941064
0.292043
-0.388312
-0.329998
-0.649721
-0.602250
-0.972538
-0.348722
1.431023
-0.445955
-0.581752
0.924835
0.392224
-0.008375
1.300047
-0.300929
-0.387685
-0.215803
-0.741069
7.847555
0.249721
1.741276
-0.746639
1.040312
-0.863172
-0.494260
0.052582
3.806015
3.048998
0.749940
4.050604
2.182584
0.517993
0.243826
-0.391433
-0.122043
-0.323097
0.762045
-0.801437
-0.671659
-0.456584
1.825044
9.491333
0.900980
0.700603
-0.236079
-0.435410
-0.647284
-0.148420
-0.222996
2.227339
-0.749936
-0.072624
0.317605
2.048742
6.672303
-0.134221
-0.664391
-0.004150
-0.762281
-0.630626
0.393214
5.684227
0.170614
1.387093
0.320595
-0.533854
-0.285822
-0.964584
-0.624365
1.910704
-0.123855
-0.023286
-0.678866
-0.392454
3.818421
0.436564
0.169360
0.866906
-0.599607
2.223763
0.011202
-0.553489
-0.381165
-0.365019
-0.034269
-0.806651
0.038559
-1.210095
-0.889400
0.403655
0.701741
3.918003
3.848369
0.045835
-0.808210
1.432098
0.500332
-0.778039
-0.961445
-0.681821
-0.243084
2.291018
-0.087341
0.084309
1.363864
-0.738889
-0.358827
0.386409
0.793639
-0.664600
0.841733
-0.271126
1.699704
-1.093902
-0.602126
0.454757
2.039189
-1.107478
-0.483716
-1.057909
-0.878791
-0.476151
-0.191862
0.715998
-0.682860
-0.395428
0.399385
-0.888690
-0.221763
2.951175
0.189109
-0.194761
2.399508
-0.887787
-0.601645
-0.651205
-0.958056
-0.802033
-0.695118
-0.017631
-0.699299
-0.785340
-0.650277
1.587243
0.412919
-0.303043
-0.694220
-0.096313
1.572620
-0.053583
2.306258
-0.325783
-0.591465
-0.041981
0.732593
1.267187
-0.663108
2.971009
1.871825
0.001562
-0.802211
0.182622
-1.185830
-0.770772
3.308431
1.463642
-0.453522
-1.106479
3.683332
-0.258445
0.210521
-1.077462
-0.600526
1.176775
1.209291
-0.450366
-0.204930
-0.186973
0.843126
-0.409260
-0.094722
-0.719632
-0.780360
-0.306671
-0.694265
-0.914021
0.955964
3.498740
-0.420484
-0.537342
-0.291986
-0.060054
0.701179
-0.634496
0.148385
4.593922
-0.068881
-0.098934
1.626847
0.198846
-0.301503
-0.423887
0.191953
-0.686922
-0.702109
0.278995
-0.626749
6.747236
-0.436718
-0.248625
-0.239050
-0.532707
-0.518020
-0.433985
1.214478
1.371439
2.484695
-0.408259
-0.465821
-0.130595
0.744714
-0.621163
3.578811
1.132636
-0.208780
-0.708121
0.128333
1.097720
0.083408
2.619176
-0.597024
-0.620627
-0.622108
-0.239212
4.070539
-1.062075
-0.345007
0.768311
-0.568112
-0.403731
-0.351661
2.542150
0.930938
0.078631
-0.857572
0.628452
-0.534029
-0.613151
1.269776
-0.470698
-0.821385
0.408543
-0.638648
-0.444747
-0.935479
1.054834
-0.458471
-0.607921
-0.310462
-0.281585
1.119485
-0.341509
-0.697708
1.037134
-1.320110
-0.329765
1.454144
1.018039
0.455846
2.558433
1.535953
-0.462649
-0.728914
-0.676793
0.149030
-0.384910
1.250707
3.009603
1.729513
-0.185143
-0.270356
1.964293
-0.015050
0.275001
-0.547152
-0.546568
0.627228
1.983444
-0.679194
0.105527
-0.112807
-0.633206
0.184789
-0.159257
-0.805797
1.653659
-0.942135
-0.181986
0.158372
0.573359
-0.451911
-0.400441
-0.084310
-0.430123
0.267876
-0.755978
-0.794988
-0.980151
-0.904946
0.164894
-0.648258
-0.694030
0.027917
-0.171426
-0.776543
-0.177734
-0.677859
-0.698312
2.851242
-0.606933
-0.329191
-0.781459
0.811060
-0.001932
-0.904759
-0.434661
-0.694227
-0.708819
-1.023541
-0.627254
-0.041595
-0.577355
-1.183340
5.912577
-0.425961
-0.595343
-0.470410
-0.383015
-0.748339
-0.074091
0.676139
-0.544820
-0.631597
0.292985
-0.541902
-0.494433
-0.210397
1.176681
-0.628397
-0.102405
2.076503
-0.576436
-0.522931
0.178657
-0.770173
0.089104
-0.959861
-0.404331
2.190264
-0.093807
0.292776
-0.802646
0.095432
0.228059
-0.944188
-0.637251
0.655355
-0.468768
-0.306808
0.063421
0.299034
2.499010
3.626540
-0.216563
-0.360059
3.374777
-0.494014
0.123709
1.396587
-0.721885
6.098021
-0.274630
-0.618272
-0.074413
-0.698155
2.667484
-0.214773
-0.248868
14.293221
-0.151954
0.026822
1.020030
0.081720
0.108783
-0.673697
-0.457366
-0.206035
-0.184565
-0.589103
0.538750
-0.747518
-0.099421
-1.080905
2.601114
2.294726
-0.450144
0.469636
-1.003150
0.368163
-0.273102
-0.197670
-0.187535
1.651904
0.147605
-0.233142
-0.689587
-0.782945
-0.525227
0.186037
-1.369035
4.668705
-0.450979
-0.403177
-0.528342
0.399548
-0.522836
-0.139233
-0.853985
-0.564948
1.853880
3.904529
2.200170
0.037267
-0.794273
-0.456130
1.972575
0.817149
3.419899
-0.262103
1.895405
-0.764754
0.092032
-0.980011
0.492026
0.252160
1.860849
-0.947795
-0.324912
-0.684876
-0.425152
2.637637
-1.044369
-0.336524
-0.471005
-0.610580
0.838816
-0.766009
-0.451544
-0.172626
-0.494208
1.321473
-0.360720
2.064389
-0.837776
0.699181
0.188366
2.987807
-0.377566
0.028235
-0.704165
0.999225
3.481438
-0.277861
-0.715315
3.803648
2.228046
3.244830
1.213981
-0.435958
0.747563
-0.465614
1.523866
-0.566665
3.697692
0.413501
-1.048585
0.739279
1.460155
-0.596844
0.748319
-0.492547
-0.402641
0.449207
-0.340028
-0.199963
-0.226294
-0.743560
-0.809400
-0.608864
-0.599306
-0.951749
-0.699893
-0.407764
3.355057
1.327023
-0.507302
-0.674153
-0.795377
2.003443
-0.568777
-0.895402
-0.085588
-0.547660
0.419898
0.406879
-0.798844
-0.574970
3.683316
0.720540
-0.573402
1.227473
2.043893
0.685847
3.028508
3.821224
-0.633671
-0.972143
-0.535687
2.933218
0.745660
-0.115976
-0.569805
-0.471773
-1.184243
-0.195390
-0.947302
1.720128
-0.191965
0.531454
-0.118123
-0.230328
0.187866
-0.231698
-0.738721
3.065559
-0.490771
0.404405
-0.621917
-0.904940
2.475763
-0.921836
1.120134
-0.602337
-0.292873
0.923310
-0.910268
-0.965023
-0.130204
-1.162242
0.194648
7.031058
-0.539526
14.918449
1.903076
-0.823374
-0.782716
-0.095903
-0.736228
0.178567
-0.919251
-0.831875
-0.439833
0.140590
2.417319
0.089364
-0.560134
3.332536
-0.500289
-1.051621
-0.917725
-0.824516
-0.601848
1.484438
0.167513
-0.971053
0.507099
-0.759466
1.043721
-0.322781
-0.295124
1.837423
1.156451
-0.466392
-0.169558
-0.410610
-0.913047
-0.502027
2.058298
2.973244
-0.553898
-0.740097
-0.450317
1.628019
-0.987783
-0.423643
-0.683749
2.328659
-0.707813
-0.545559
0.325121
-0.464382
-0.360712
0.491340
6.067462
-1.051361
-0.438634
-0.180889
0.358475
-0.676952
0.257282
-0.236921
0.751956
-0.517576
-0.610372
1.735083
-0.510485
-0.850868
1.612444
-0.279162
-0.130031
0.006736
0.407712
4.572655
0.123551
-0.532759
-0.394820
-0.372221
-0.180752
-0.566460
0.898960
0.255806
0.080738
1.327820
-0.737431
-1.440539
0.013403
-0.493920
-0.623216
-0.051998
0.522844
-0.655865
-0.377349
-0.482581
7.170715
-0.803010
-0.804373
0.463572
2.137623
0.517608
0.175308
-0.531234
0.321619
-0.772500
-0.558237
2.678845
-0.194929
0.448720
-0.436228
0.019328
-0.633708
1.797364
0.472579
0.305320
0.684348
-0.327590
-0.257171
0.504140
2.462062
-0.020667
11.509221
-0.434024
0.829470
1.767548
-0.027820
-0.448910
-0.033241
-0.762474
-0.027071
-0.459874
0.334311
-0.573294
-0.836111
3.839181
2.451935
4.307579
-0.756169
1.446738
-0.739080
-0.695788
-0.179684
-0.668045
3.454770
-0.075014
0.021422
-0.626127
0.071573
-1.161743
-0.627381
-0.783073
0.233783
-0.064297
1.715752
0.323875
-0.493837
1.441784
-0.286199
3.142820
-0.082586
1.247023
0.723245
-0.542429
-0.964358
-0.085946
-0.333914
7.437001
-0.488148
-0.666899
-0.781035
-0.230610
0.463944
-0.619406
4.123904
-0.460725
-0.707902
-0.695984
-0.526778
0.478495
-0.315469
-0.324755
-0.465734
-0.429037
1.194468
0.196618
0.950811
-0.314135
1.935386
-0.215027
-0.117233
0.092262
1.997002
-0.500485
-0.593688
0.511004
-0.758441
-1.018827
1.140656
0.729585
-0.418563
-0.517304
-0.015913
6.248513
0.372606
0.137933
-0.409893
-0.253316
0.272926
-0.512751
0.105387
-0.249630
-0.740629
-0.321562
-0.197602
-0.239977
0.011600
-0.805355
1.009627
0.898942
-0.907350
-0.772015
0.304592
-0.039404
-0.866567
-0.388673
1.563267
0.321343
-0.079805
-0.771198
-0.075170
-1.389737
0.765918
0.394194
-0.906618
-0.754073
-0.733614
-0.649469
0.544143
-0.831018
-0.115257
0.832815
4.880473
1.361532
-0.779021
-0.634562
-0.718725
-0.922768
-0.026737
-0.471729
0.308873
-0.783166
-1.207502
-0.653959
-0.543441
0.000312
0.501272
1.396544
1.102473
-0.338411
-0.434840
8.626620
0.278565
0.580156
-0.521356
-0.585651
-0.561835
-0.593479
-0.163085
-0.472032
0.595359
4.559371
0.396898
-0.343125
0.112752
0.407251
-0.506126
-0.139392
-1.002465
8.204527
2.605670
-0.316288
-0.940842
-0.284484
2.890937
0.190034
-0.707130
4.096358
-0.241915
3.145990
1.068566
5.026552
-0.590491
-0.295285
-0.053937
0.856914
-0.611248
1.119210
0.333806
1.352778
-0.606412
-0.103938
-0.953350
-0.612448
-0.037230
-0.527940
1.600667
-1.027222
-0.297192
1.317979
-0.498851
-0.268402
-0.581814
1.807254
-0.298413
-0.877230
0.721781
-0.888713
-0.696889
4.845733
-0.156766
-0.738770
2.746240
-1.045118
-0.140750
0.779016
0.650066
1.080022
0.136323
-0.489520
1.566038
-0.969936
-0.676586
-0.825001
-0.472606
1.980836
-0.449782
1.432285
0.160744
-0.603337
-0.966134
-0.336098
0.071390
-0.139934
0.678251
-0.413589
-0.831510
-0.899400
-0.764480
0.048674
-0.477983
-0.434941
-0.525352
-0.130764
-0.761572
-0.862144
-0.354295
0.459443
-0.448948
1.217528
-0.439306
-0.711756
-0.189156
-0.549857
0.035561
-0.563999
-0.873781
1.254444
-0.408554
-0.038304
0.767994
0.918771
0.360132
0.274230
1.082305
-0.045422
1.107548
2.293123
0.992153
-0.981384
-0.293595
0.832685
0.259801
-0.494349
-0.672566
2.276442
4.132827
7.728472
-0.557630
-0.327675
-0.637043
-0.357452
-1.197418
-0.529497
-0.575537
-0.379834
5.852671
-0.965530
-0.364194
-0.506920
-0.338735
2.002301
2.114439
-0.018956
3.274157
-0.328520
0.401829
-0.975897
-0.826359
0.600536
-0.658206
-0.623630
-0.535581
-1.022112
-0.755866
4.351069
-1.113398
-0.231159
-0.144884
0.537947
-0.821575
-0.651120
0.421719
1.799387
-1.261601
0.127738
-0.428325
1.222140
-0.336877
-0.376463
-0.957331
5.116067
-0.132054
-1.060263
-0.698570
2.387939
-0.692255
-0.814205
-0.003807
-1.313238
-0.478299
-0.778367
-0.713959
2.131216
-0.162280
0.257223
-0.946470
-0.848632
6.172330
0.678719
